# Number of traces
481
# TraceId; FractureId1; FractureId2; X1; Y1; Z1; X2; Y2; Z2
0; 0; 2; 6.0654762549414654e-02; 1.0345903503281988e+00; 2.2650869811942534e-01; 5.4654852181428448e-01; 6.9052767800517734e-01; -9.0930588885243510e-02
1; 0; 6; 3.6781326790671798e-01; 6.8171494252089015e-01; -1.9404528350684180e-02; 5.2367529081676167e-01; 1.0735186819128368e+00; 4.6597960550042589e-02
2; 0; 8; 2.8248513440244261e-01; 5.2491838870804430e-01; -3.6254440306971947e-02; 4.1782091083768896e-01; 5.3004240780159473e-01; -9.0930588885243510e-02
3; 0; 11; 1.6097959353991503e-01; 2.3056856008856846e-01; -8.4002032784752961e-02; 7.1815569848489899e-02; 5.8224085486615862e-01; 7.0680125497282753e-02
4; 0; 22; -2.0916890436406688e-01; 3.6573223147044065e-01; 1.1539565664922148e-01; -1.1231544745610722e-01; 7.6534186588019049e-01; 2.0859327620463797e-01
5; 0; 38; 3.6821996623174508e-02; 1.7031812661146997e-01; -5.2406984008583325e-02; 1.5149291593877609e-01; 6.2582168352711698e-01; 5.2046997701574463e-02
6; 0; 39; 3.2995350022406889e-01; 4.5531427352811699e-01; -7.9294657144429653e-02; 2.0351122525888579e-01; 1.0030330066471431e+00; 1.5643983507302270e-01
7; 1; 3; 4.5279596528032040e-01; 3.3617419485943989e-01; 6.7759570734018326e-01; -9.6835390357918882e-04; 8.3153831646382070e-01; 8.4919171765252865e-01
8; 1; 4; 4.5566810363402244e-01; 3.8173449625880324e-01; 6.9501869969472851e-01; 3.8631052466342042e-01; 6.1379397738286601e-01; 7.8067274338015491e-01
9; 1; 5; 2.2475099375301233e-01; 1.1681157113780472e+00; 9.8542638993839826e-01; 6.2282847980780554e-01; 3.7003769166801503e-01; 6.9672134289185728e-01
10; 1; 7; -3.8296863823644189e-01; 6.5265985121711123e-01; 7.6714958980140202e-01; -1.4754722965866438e-01; 3.9427008050338946e-01; 6.7759570734018326e-01
11; 1; 9; 2.4737078092931322e-01; 3.5605342080728519e-01; 6.7759570734018304e-01; 3.8178907118053840e-01; 6.6944388434470647e-01; 8.0165881330821986e-01
12; 1; 10; 5.0961083307961719e-01; 7.0973632576159151e-01; 8.2167545877766002e-01; 5.8365501952545940e-01; 3.2351081711985596e-01; 6.7759570734018326e-01
13; 1; 11; -7.3415462871097417e-02; 3.9733272557026400e-01; 6.8148655805889713e-01; -7.0958593573146198e-02; 3.8685851211857170e-01; 6.7759570734018326e-01
14; 1; 14; 8.3212151409630153e-01; 3.8387255475346471e-01; 7.0967824647672995e-01; 6.9745247592223736e-01; 3.1249850937799584e-01; 6.7759570734018304e-01
15; 1; 17; 3.8808960525450215e-01; 9.2832248409340079e-01; 9.0028962219507547e-01; 8.6970752876353474e-01; 7.7227369332359641e-01; 8.5869098062460802e-01
16; 1; 18; 3.7726019182148801e-01; 4.5490379412566878e-01; 7.1994611849282841e-01; 8.2906501404763255e-01; 3.5228771902525091e-01; 6.9756050978110773e-01
17; 1; 19; 6.4053352900710459e-01; 1.1278799681823106e+00; 9.8542638993839826e-01; 8.7632886245431740e-01; 8.4069631187258409e-01; 8.8494178283666414e-01
18; 1; 21; 7.5849221411552536e-01; 4.0957655255191744e-01; 7.1674000133760329e-01; 8.2501555948069161e-01; 3.1044202779374630e-01; 6.8150612619801598e-01
19; 1; 25; -2.7729411385841424e-01; 7.8273481981414861e-01; 8.2047770297365186e-01; -3.6786817254726323e-02; 9.5217799737435005e-01; 8.9372904543905873e-01
20; 1; 26; -6.2718862134325981e-02; 6.8592664831997174e-01; 7.9157377941339768e-01; 5.5938689219126114e-01; 6.6480779006532309e-01; 8.0642912824446278e-01
21; 1; 27; 8.0147900848813958e-01; 3.3102859003747914e-01; 6.8846529129663991e-01; 8.2499036364008371e-01; 3.1018166251517176e-01; 6.8140623529094935e-01
22; 1; 28; 8.2218691665155352e-01; 4.3329187709551331e-01; 7.2809697927517969e-01; 5.6957841550485533e-01; 3.2487302591031175e-01; 6.7759570734018326e-01
23; 1; 29; 8.2896926429644568e-01; 3.5129827354378718e-01; 6.9718090230357566e-01; 6.9578898358420072e-01; 3.1265948740099164e-01; 6.7759570734018315e-01
24; 1; 30; 8.8334043657939731e-01; 9.1315154282645783e-01; 9.1273972418024529e-01; 7.4317919471502980e-01; 7.5882469990202972e-01; 8.4892503301492583e-01
25; 1; 34; 1.9772505182585109e-01; 1.1707310421502730e+00; 9.8542638993839815e-01; -1.4797090185180942e-01; 3.9431107973764573e-01; 6.7759570734018315e-01
26; 1; 35; 7.9281883252977525e-01; 6.6058617176359413e-01; 8.1341069975408498e-01; -3.5206503003725714e-02; 3.8339874213572994e-01; 6.7759570734018315e-01
27; 1; 36; 6.5981327273671031e-01; 3.1614089736944823e-01; 6.7759570734018326e-01; 7.7108422904993279e-01; 4.0159554998409447e-01; 7.1416960880056690e-01
28; 1; 40; 7.1794693722448444e-01; 1.1203885856714082e+00; 9.8542638993839837e-01; 8.4759839871950249e-01; 5.4380543570373752e-01; 7.7103758223532992e-01
29; 1; 42; 8.6684385759643268e-01; 9.6988203256510208e-01; 9.3369604633362668e-01; 2.0813666298046507e-01; 3.5985015049275976e-01; 6.7759570734018326e-01
30; 1; 43; 8.6738234289919480e-01; 7.4824601055136142e-01; 8.4947259697540034e-01; 6.7003460018143057e-02; 7.0757113793562909e-01; 8.0457229578388467e-01
31; 1; 44; 7.9465504659190489e-01; 8.3721762985273829e-01; 8.8061538259264294e-01; 3.8369156713745145e-01; 3.4286150512771080e-01; 6.7759570734018315e-01
32; 1; 45; 1.0061783356846238e-01; 1.1801282167907834e+00; 9.8542638993839837e-01; 3.6013511649330682e-01; 3.4754451505014566e-01; 6.7850924299571480e-01
33; 1; 46; 7.4354386912080228e-01; 4.3603949445264584e-01; 7.2624865775325165e-01; 7.1068703866665373e-01; 3.1121778586812893e-01; 6.7759570734018326e-01
34; 1; 47; 8.4160536768583105e-01; 4.8187548389659984e-01; 7.4727773570552491e-01; 6.0941598883678405e-01; 3.2101789916924905e-01; 6.7759570734018326e-01
35; 1; 49; 2.0181360991184727e-02; 8.5657565059000285e-01; 8.5948627925244669e-01; -1.5414247797156527e-01; 5.9389730873264668e-01; 7.5323089079878880e-01
36; 2; 6; 7.6742058575228056e-01; 7.0093704895291487e-01; 1.8355588779262293e-02; 9.1175838116803562e-02; 8.6433129057765146e-01; -1.9404528350684173e-02
37; 2; 14; 7.6343113989132871e-01; 8.6160258091136410e-01; 2.6091155030355939e-01; 6.1396519400573735e-01; 8.4509236854807579e-01; 1.7256629937814263e-01
38; 2; 20; 3.8288654178433634e-01; 7.2782466517578570e-01; -1.0348505767099275e-01; 2.3647386637026035e-02; 1.0014082338993227e+00; 1.6040553214636338e-01
39; 2; 39; 3.8997121064151918e-01; 8.5981481705772012e-01; 1.0016453088686050e-01; -4.8894081468948525e-02; 1.0172996151398506e+00; 1.5386778298295006e-01
40; 2; 46; 7.5786323948337120e-01; 9.4618011957728321e-01; 3.8713045670184348e-01; 6.5519496031184099e-01; 7.6574584981653682e-01; 6.9389889643447888e-02
41; 3; 7; -7.9471294926021729e-02; 7.4924754696803531e-01; 4.1755437961536224e-01; 3.3484651294720280e-02; 6.2574926615842430e-01; 3.7432569487161765e-01
42; 3; 9; 2.6596990992874736e-01; 4.3550608300484200e-01; 4.6094089157458629e-01; 3.4486165943068464e-01; 5.5017472040306958e-01; 9.8251063138572503e-01
43; 3; 10; 4.6256239646967989e-01; 4.2515064878956565e-01; 9.4752197896478518e-01; 6.3246421982423984e-01; 1.2877995748639945e-01; 5.7874580128221575e-01
44; 3; 13; 5.7718272753536348e-01; 1.0707750898983144e-01; 3.7432569487161765e-01; 6.2840432616306063e-01; 1.2452417077193763e-01; 5.5642304916870744e-01
45; 3; 14; 6.6914124170319400e-01; 1.6722667443640626e-01; 7.8040922796118539e-01; 3.1224546843333878e-01; 3.5981975642985592e-01; 3.7432569487161760e-01
46; 3; 15; 2.4287369216759558e-01; 4.7196266805997000e-01; 5.0054964574939609e-01; 3.3994559166575977e-01; 3.3339466460299549e-01; 3.7432569487161760e-01
47; 3; 22; 2.6662727485152449e-01; 4.7699664032329953e-01; 5.7660146622860120e-01; 5.8278696160203182e-02; 6.0209648646382585e-01; 3.7432569487161765e-01
48; 3; 23; 6.3146240131252940e-01; 1.2772980044578386e-01; 5.7323744363396756e-01; 4.1231632867588974e-01; 2.6435513885706213e-01; 3.7432569487161749e-01
49; 3; 24; 4.1580194258415731e-01; 2.6102996709424692e-01; 3.7432569487161765e-01; 4.1672335544107553e-01; 3.3083705733965169e-01; 5.6843887957485673e-01
50; 3; 25; 9.3902643182095402e-02; 5.9890663766892716e-01; 4.5889093718011659e-01; -2.1688286212104724e-02; 8.0981863117098962e-01; 7.3526609512833108e-01
51; 3; 26; 1.3403124285470047e-01; 6.8177122022003933e-01; 7.9157377941339768e-01; 3.1851330484109119e-01; 5.7531026524071016e-01; 9.8251063138572525e-01
52; 3; 27; 5.9748131752917299e-01; 9.2109102718882729e-02; 3.8639725195665447e-01; 1.9411200291496783e-01; 5.5379878618693978e-01; 5.9753998727135715e-01
53; 3; 29; 5.6377615770903067e-01; 3.4133681485665535e-01; 9.8251063138572536e-01; 4.8478551253827740e-01; 1.9522169774876239e-01; 3.7432569487161776e-01
54; 3; 30; 3.2014038158364455e-02; 8.4862202515223994e-01; 9.8251063138572514e-01; 2.0592212244750036e-01; 6.3407385650068981e-01; 8.4892503301492639e-01
55; 3; 32; 6.5374745754723129e-01; 1.5109012812173955e-01; 6.9576867909947004e-01; 5.7055406464329583e-01; 2.1485050724090415e-01; 6.5291906350081486e-01
56; 3; 34; 1.0807580691825081e-02; 8.4388244913919164e-01; 9.1394003147948411e-01; 7.8946680751991988e-02; 6.8492025967562420e-01; 6.5591498944445714e-01
57; 3; 35; 4.6947409717333960e-01; 3.9624474177036162e-01; 8.8624936661939779e-01; 3.6648084836838429e-02; 6.6255138612178488e-01; 4.8367642487354945e-01
58; 3; 36; 4.7539924944950213e-01; 2.1840924841263595e-01; 4.1341228254238294e-01; 6.5943902359007556e-01; 2.5007729250303190e-01; 9.8251063138572536e-01
59; 3; 37; 6.4628275197897089e-01; 2.6262798343337579e-01; 9.8251063138572481e-01; 6.6481559007976887e-01; 1.6269230672958851e-01; 7.5662524321241420e-01
60; 3; 38; 5.6225726496229878e-01; 2.2269400551940713e-01; 6.5272298628385006e-01; 3.6374705847172495e-01; 3.1068877478856127e-01; 3.7432569487161771e-01
61; 3; 41; 4.4214322777795656e-01; 2.3590116624945623e-01; 3.7432569487161760e-01; 3.9329635137350899e-01; 3.7325695778694029e-01; 6.2355710275709131e-01
62; 3; 42; 4.6795995405387592e-01; 4.3274261687580118e-01; 9.8251063138572492e-01; 1.9707159750031014e-01; 5.0830760067339453e-01; 4.8036861102181944e-01
63; 3; 43; 2.2408580711597093e-01; 6.6539128319973639e-01; 9.8251063138572492e-01; 6.5669955931566437e-02; 7.2733894076092154e-01; 7.3762081487035014e-01
64; 3; 44; 4.8522265175437196e-01; 4.1627451786817560e-01; 9.8251063138572503e-01; 3.3518874167628115e-01; 3.3793255769191310e-01; 3.7432569487161771e-01
65; 3; 45; 4.2230253247484784e-01; 3.9489969150753695e-01; 7.5897910793591572e-01; -4.1831099005586125e-02; 7.8870391186243172e-01; 6.2451368277891584e-01
66; 3; 47; 6.9349380805930683e-01; 1.9275427121865615e-01; 9.1430837593477343e-01; 3.4147341103801121e-01; 3.3193717046595317e-01; 3.7432569487161765e-01
67; 3; 48; 1.9207033455077094e-01; 5.9523475024147865e-01; 7.0597991397119686e-01; 3.8280057554521557e-01; 2.9251228748317826e-01; 3.7432569487161765e-01
68; 3; 49; 6.2754880108567557e-03; 8.2837665985936870e-01; 8.5948627925244647e-01; -3.4014259727313534e-03; 8.2898784675909998e-01; 8.3581381438542546e-01
69; 4; 5; 4.6389415097888786e-01; 6.9268269796932525e-01; 8.6179942810687349e-01; 6.2545103663029866e-01; 3.7138503411986101e-01; 7.7689597846165992e-01
70; 4; 9; 3.1482714663725098e-01; 5.2024545316518123e-01; 6.9501869969472874e-01; 3.3222783682268242e-01; 5.5880152275997497e-01; 7.2412022870665149e-01
71; 4; 10; 4.8383322970183279e-01; 7.0900579405752606e-01; 8.8058344223123508e-01; 5.7777802399488487e-01; 2.6164469938719881e-01; 6.9501869969472874e-01
72; 4; 13; 6.8587127495856792e-01; 1.5533968736967763e-01; 6.9501869969472863e-01; 8.1739800651622774e-01; 2.5927533929849500e-01; 8.1697178432241813e-01
73; 4; 14; 1.0690357626944893e+00; 2.8139691733067201e-01; 9.5790626873801177e-01; 6.1517340304275980e-01; 2.2486797018678156e-01; 6.9501869969472874e-01
74; 4; 16; 7.5385780248389844e-01; 8.8477893861051871e-02; 6.9501869969472851e-01; 8.8421809633527682e-01; 4.4813741157020193e-01; 9.5005458365164475e-01
75; 4; 17; 5.5963585564386731e-01; 7.9003494800563301e-01; 9.6191342713511807e-01; 9.9801172068563593e-01; 5.1739306829350085e-01; 1.0447615001974575e+00
76; 4; 18; 3.8219777862861010e-01; 4.7211626801758033e-01; 7.0449473818896491e-01; 5.0939049418120042e-01; 4.0137593893758361e-01; 7.3290584835305050e-01
77; 4; 23; 9.5830621934835103e-01; 1.9270189856700481e-03; 7.5488281501409538e-01; 7.9927988754431822e-01; 4.3807248328972370e-02; 6.9501869969472851e-01
78; 4; 26; 4.2913562750071188e-01; 6.5733947444535545e-01; 8.2545356610353937e-01; 5.5859453030240180e-01; 6.2729124999453945e-01; 8.7630199994249547e-01
79; 4; 28; 5.8036380986385028e-01; 3.2237778816496609e-01; 7.2809697927517991e-01; 5.3310637647925629e-01; 3.0557732222585193e-01; 6.9501869969472851e-01
80; 4; 29; 1.0423631269215001e+00; 4.7908030157632719e-01; 1.0475347020236321e+00; 5.5850623568819391e-01; 2.8059766517624912e-01; 6.9501869969472863e-01
81; 4; 32; 1.4687414965162371e+00; -9.5587073289497615e-02; 9.6632754059203174e-01; 6.7605362585530282e-01; 1.6499491835405267e-01; 6.9501869969472851e-01
82; 4; 33; 7.9957020098879095e-01; 1.3630395255308914e-01; 7.4352162894876683e-01; 1.3234371730281480e+00; -2.4333567334908335e-01; 8.1438751663497655e-01
83; 4; 35; 6.9142226410614538e-01; 5.1568946456199904e-01; 8.8624936661939757e-01; 3.1231217474386019e-01; 5.3855084390356112e-01; 7.0329506603607950e-01
84; 4; 36; 5.8769789182553500e-01; 2.5188894072929902e-01; 6.9501869969472863e-01; 7.8718383419360871e-01; 3.8240339543219726e-01; 8.6580484586992990e-01
85; 4; 37; 8.7703288526000067e-01; 4.2501399086338471e-01; 9.3427255087296646e-01; 6.8974091348746369e-01; 1.5153406614309511e-01; 6.9501869969472874e-01
86; 4; 40; 6.9325989956466494e-01; 9.2590678546831329e-01; 1.1016397611297761e+00; 8.8459777304635501e-01; 1.1400889322831755e-01; 7.7558040094500225e-01
87; 4; 42; 7.7735368470998245e-01; 7.5720939030109680e-01; 1.0566850206680658e+00; 3.3357598082882839e-01; 5.0180679000831296e-01; 6.9501869969472863e-01
88; 4; 43; 9.5916642395182306e-01; 6.7759848224583352e-01; 1.1085397894129381e+00; 4.8349587551617745e-01; 7.1261415829765851e-01; 8.8229631646023010e-01
89; 4; 44; 8.1580119414813490e-01; 8.2083885981210036e-01; 1.1097143854893319e+00; 4.3323042378052334e-01; 4.0380097871914544e-01; 6.9501869969472840e-01
90; 4; 47; 1.0298643635474332e+00; 4.2699846651917844e-01; 1.0138825726727003e+00; 5.7071172211968191e-01; 2.6859410001180639e-01; 6.9501869969472863e-01
91; 5; 10; 5.9058810128963168e-01; 4.2942778675005699e-01; 6.5491065861714337e-01; 4.5899331479123984e-01; 7.0830183624179965e-01; 9.3734858347017935e-01
92; 5; 17; 4.4233807064313224e-01; 7.4936477389598832e-01; 1.0447615001974573e+00; 3.6941482526809638e-01; 8.8358822164602613e-01; 9.4884114155709864e-01
93; 5; 18; 6.2395499521358722e-01; 3.7061644062622651e-01; 7.3116023906664507e-01; 5.6486498989018619e-01; 4.7949695899645373e-01; 6.5491065861714337e-01
94; 5; 21; 4.6683267427925440e-01; 6.7528929029609441e-01; 7.1674000133760352e-01; 5.2732592637445153e-01; 5.5256548511488734e-01; 6.5491065861714348e-01
95; 5; 25; 2.6662386328589349e-01; 1.0792322251526629e+00; 8.9372904543905862e-01; 3.5323676487640021e-01; 8.9142418995510575e-01; 6.5491065861714359e-01
96; 5; 26; 5.5650602131044646e-01; 5.2840508145647114e-01; 1.0604730496697417e+00; 4.7024463384778292e-01; 6.7467028081985914e-01; 7.9157377941339779e-01
97; 5; 27; 5.8153823339798238e-01; 4.4974336276437793e-01; 6.8846529129663980e-01; 6.0718026945539849e-01; 3.9713168878070843e-01; 6.5491065861714337e-01
98; 5; 29; 6.3477384230195888e-01; 3.7617463934176010e-01; 1.0619050737089657e+00; 6.2914864462278686e-01; 3.9504806912951684e-01; 1.1603724531918207e+00
99; 5; 30; 4.6282550975738346e-01; 6.9372670407383463e-01; 8.4892503301492628e-01; 1.6631611198204632e-01; 1.2993130668629227e+00; 1.2023360017799847e+00
100; 5; 34; 3.0193726227902240e-01; 9.9135777212046916e-01; 6.5591498944445692e-01; 1.2164276406352609e-01; 1.3959182310853324e+00; 1.3222487956077360e+00
101; 5; 35; 4.6224558580581365e-01; 6.7924218184822116e-01; 6.5491065861714337e-01; 5.8520329347108779e-01; 4.5852613819598959e-01; 8.8624936661939779e-01
102; 5; 42; 4.5727365419381316e-01; 6.8891987971349256e-01; 6.5491065861714337e-01; 5.7093172896932409e-01; 5.0002108410376678e-01; 1.0566850206680658e+00
103; 5; 43; 4.1289871770524078e-01; 7.7529420294241391e-01; 6.5491065861714337e-01; 5.0896140969331638e-01; 6.2960022326642617e-01; 1.1679740435271062e+00
104; 5; 44; 5.3318776242036781e-01; 5.4115561816273283e-01; 6.5491065861714326e-01; 5.7128390111725236e-01; 5.0360313588462902e-01; 1.1097143854893323e+00
105; 5; 45; 4.5873151171140869e-01; 7.1282220032621069e-01; 9.8718727345325186e-01; 5.6456835545519013e-01; 5.0326873089451274e-01; 9.4312881691262240e-01
106; 5; 48; 4.8888906176934593e-01; 6.2738155089478187e-01; 6.5491065861714337e-01; 4.5122633404601337e-01; 7.0747175277988150e-01; 7.3917235169736406e-01
107; 5; 49; 1.4806878059286666e-01; 1.2907767793451959e+00; 6.5491065861714337e-01; 1.9620996388755968e-01; 1.2135348252080564e+00; 8.5948627925244647e-01
108; 6; 12; 6.3527920140985605e-01; 5.1463932165595883e-01; -1.8138847332746441e-02; 6.3189408787721812e-01; 5.0738757484880281e-01; -1.9404528350684166e-02
109; 6; 15; 6.2338195650732953e-01; 5.1300667833067404e-01; -1.9404528350684166e-02; 6.0509671141289834e-01; 6.6320510870799532e-01; -9.7535330160224143e-04
110; 6; 20; 2.9657754983339141e-01; 9.0477555487677974e-01; 4.0823828972871845e-03; 2.2972222286192956e-01; 7.7287282511317690e-01; -1.9404528350684208e-02
111; 6; 31; 4.6856774050298772e-01; 6.1520400851644663e-01; -1.9404528350684236e-02; 4.8718853209635965e-01; 6.4749825309261977e-01; -1.3455762972678822e-02
112; 6; 46; 7.1706819565690427e-01; 1.1166813716207262e+00; 6.9389889643447805e-02; 7.5693955604400176e-01; 1.3063728467241604e+00; 9.8210425840754567e-02
113; 7; 9; 4.3927464510044339e-02; -1.6540183334928044e-01; 7.9521424746537539e-01; 1.7552205782744074e-01; 2.1174591332922021e-01; 4.6094089157458656e-01
114; 7; 11; -3.9028559630701398e-02; 5.6766965089659316e-01; 4.7692601200333234e-01; -4.8753962797910548e-02; 2.0973103438722815e-01; 6.8148655805889724e-01
115; 7; 12; 1.9269553009201390e-01; 3.5921962688393094e-01; 3.6377715850204789e-01; 2.8007129027637884e-01; 3.6819774651573123e-01; 2.7339017868663329e-01
116; 7; 13; 4.5317745434013851e-01; 1.4724152053729178e-03; 3.0384318473122796e-01; 4.7164186062019553e-01; 2.4202949692600447e-02; 2.7339017868663334e-01
117; 7; 14; 2.4731034560761395e-01; 4.2702512529755454e-01; 2.7339017868663329e-01; 1.2383299571784240e-01; -2.6619447587679490e-01; 7.7195191732516277e-01
118; 7; 15; 4.2096760610347406e-01; 1.1519646636563727e-01; 2.7339017868663340e-01; 2.5809923333256379e-01; -9.2228156227192465e-03; 5.0054964574939620e-01
119; 7; 21; 7.9659691099455643e-02; 6.1222836294896699e-01; 3.3651240773839630e-01; 2.8863751453412134e-01; 3.5281575664226078e-01; 2.7339017868663329e-01
120; 7; 22; 6.9977456465768195e-03; 7.6511802887700242e-01; 3.2429887862538193e-01; 2.6542857923967117e-01; -1.6195133955160901e-01; 5.7660146622860142e-01
121; 7; 23; 2.9928357649489462e-01; 3.3369909423117106e-01; 2.7339017868663329e-01; -3.8576609669108031e-02; -1.7252917869193973e-02; 7.9521424746537528e-01
122; 7; 25; -2.0861859142989420e-01; 6.1873486986461568e-01; 6.1503908311219491e-01; -1.3050653959236935e-02; 5.5411959011864453e-01; 4.5889093718011664e-01
123; 7; 27; 1.1004848219889271e-01; 3.9805577730602587e-01; 4.2348272887543525e-01; 4.6745891747637713e-01; 3.1714075615011439e-02; 2.7339017868663323e-01
124; 7; 29; 4.0023991361558353e-01; 1.5241626663656294e-01; 2.7339017868663323e-01; -1.1809692083039713e-01; 1.2553818638103467e-01; 7.9521424746537550e-01
125; 7; 31; 4.5771050540917346e-02; 7.8892032002354850e-01; 2.7339017868663323e-01; 3.8582464111573289e-02; 7.9231276063183242e-01; 2.7857543048127559e-01
126; 7; 34; -1.2849620316989452e-01; 3.9984866208574110e-01; 6.5591498944445703e-01; -2.0278435451182003e-01; 3.7968015411131151e-01; 7.3959387469603532e-01
127; 7; 35; -6.7541174579401578e-02; 6.0648037917985120e-01; 4.8367642487354928e-01; -9.9770329145342201e-02; 4.3237754392766015e-01; 6.1008220521371248e-01
128; 7; 36; 6.6878153649146677e-02; -2.0661337034678040e-01; 7.9521424746537539e-01; 3.0158511059048337e-01; 7.2602846299134952e-02; 4.1341228254238283e-01
129; 7; 38; 2.9210430131736487e-01; 3.4659060100906192e-01; 2.7339017868663334e-01; 3.7957588485494598e-01; -1.2377135905691836e-01; 4.4410688609264759e-01
130; 7; 41; 6.1034508493011397e-03; 2.1753603864225718e-01; 6.2355710275709164e-01; 3.9885269485609470e-01; 1.5490723398328626e-01; 2.7339017868663329e-01
131; 7; 44; 2.5706689418370754e-01; 2.3800909181337745e-01; 3.6684049542552338e-01; 9.1132498587590038e-02; -3.6981093508204693e-02; 6.7904764687742336e-01
132; 7; 47; 2.7306661608412192e-01; 3.3203526701780606e-01; 2.9994936928164972e-01; 1.0158787380669052e-01; -2.6894007904714617e-01; 7.9521424746537539e-01
133; 7; 48; 3.8301282215408194e-01; 1.8335019253403842e-01; 2.7339017868663329e-01; 3.0187760011587872e-01; 2.2236145186833681e-01; 3.3152105156830125e-01
134; 7; 49; -1.7465307832443489e-01; 7.6867070659162851e-01; 5.0010317660100279e-01; -2.0277802773138426e-01; 6.1788113793238242e-01; 6.0978946436085735e-01
135; 8; 12; 7.2890180533345839e-01; 4.5615422899561897e-01; -1.6201749253961867e-01; 2.7959336459326162e-01; 2.1064038864591766e-01; 1.6511825992570553e-01
136; 8; 15; 5.0164092380973391e-01; 7.8274143206677860e-02; 1.6511825992570553e-01; 6.3660408589657269e-01; 3.0132280849551518e-01; -2.8289189421111471e-02
137; 8; 20; 5.8354744766299937e-01; 6.4108442986912550e-01; -2.2464789408461350e-01; 3.4453144957773785e-01; 6.2900257419908356e-01; -1.2615218978628756e-01
138; 8; 24; 7.2671362012242335e-01; 2.1756925936282989e-01; -9.1475786817765137e-03; 4.2290183064078246e-01; 1.7652599247275932e-01; 1.3241822150842394e-01
139; 8; 31; 2.4398217031222294e-01; 4.6032874071687840e-01; 1.9531786646467306e-02; 5.6271783113381058e-01; 4.9447663407503756e-01; -1.2330915068863513e-01
140; 8; 38; 2.0458016544342639e-01; 2.5535700505407083e-01; 1.6511825992570547e-01; 1.7665206340343043e-01; 3.4738086755427333e-01; 1.1708512347560085e-01
141; 8; 39; 3.6186849265677212e-01; 5.0748731595508034e-01; -5.5302319021096502e-02; 2.8887482466755060e-01; 5.3563724775559318e-01; -4.5512343424670969e-02
142; 8; 41; 5.9881594758409196e-01; 1.2508011585936638e-01; 9.8376583048174204e-02; 4.5178847020192742e-01; 1.0799202046362238e-01; 1.6511825992570547e-01
143; 9; 11; 5.2277564017910227e-02; -9.3150313675912727e-02; 4.6094089157458651e-01; 9.4611241956614467e-03; -2.3311505120980139e-01; 6.8148655805889713e-01
144; 9; 14; -1.0019234634827623e-02; -2.8336965696719618e-01; 6.9484529693148633e-01; 1.3571541565862591e-01; 1.1326772065821814e-01; 4.6094089157458656e-01
145; 9; 15; 2.7259379136164757e-01; 4.5189299323988930e-01; 4.6094089157458651e-01; 2.4579959338992940e-01; 3.7949296996372950e-01; 5.0054964574939620e-01
146; 9; 21; 3.0823134706550737e-01; 5.4005722628534047e-01; 4.6094089157458634e-01; 3.7292862350252587e-01; 6.7302543535217108e-01; 6.3643674768148140e-01
147; 9; 22; 1.4672883681111609e-01; 1.4051397281940889e-01; 4.6094089157458656e-01; 2.6651849182043430e-01; 4.1901136259941563e-01; 5.7660146622860120e-01
148; 9; 23; 7.9482491919105613e-02; -9.4902762208127767e-02; 9.0834240800497068e-01; 1.7384415957828714e-01; 2.0759493806328994e-01; 4.6094089157458651e-01
149; 9; 26; 3.8196318009527025e-01; 6.6937350641555105e-01; 8.0490544774266437e-01; 3.2953622654716486e-01; 4.8693416308330345e-01; 1.1466003649541576e+00
150; 9; 27; 2.3997883637583406e-01; 3.7120641316041642e-01; 4.6094089157458673e-01; 3.3886620635318354e-01; 5.8072750850083799e-01; 6.8846529129663969e-01
151; 9; 29; 2.5160325481700491e-01; 2.9413472592105733e-01; 1.1466003649541576e+00; 1.3985618205449638e-01; 1.2351161888024904e-01; 4.6094089157458634e-01
152; 9; 35; 2.2302266717945615e-01; 2.6361322178968905e-01; 8.8624936661939779e-01; 3.7207475989030481e-01; 6.7337058225577251e-01; 6.2051462784043021e-01
153; 9; 36; 1.9476933026007059e-02; -1.7429624014849598e-01; 4.6094089157458668e-01; 2.1957695525175736e-03; -2.8820940164694187e-01; 9.2198677512454263e-01
154; 9; 41; 1.6175977398664432e-01; 1.7769921243143078e-01; 4.6094089157458645e-01; 2.2332069765301149e-01; 3.0489629054913953e-01; 6.2355710275709142e-01
155; 9; 42; 2.1265178534184692e-01; 2.4814764595116034e-01; 8.2022224259818688e-01; 3.6752322608163740e-01; 6.7521039341321520e-01; 5.3564151025472306e-01
156; 9; 43; 3.8642560645781254e-01; 6.2767357265258350e-01; 1.1466003649541576e+00; 3.9369373301784327e-01; 6.6463180767021335e-01; 1.0236467862442025e+00
157; 9; 44; 8.7139931498611212e-02; -3.3903723517350437e-02; 6.3587070147305880e-01; 9.2625861852891331e-02; 6.6678883037833425e-03; 4.6094089157458651e-01
158; 9; 45; 2.0672333223700390e-01; 2.8114444034268138e-01; 5.1141630520968284e-01; 3.8706762202129424e-01; 6.6731019993408891e-01; 9.0008872397624362e-01
159; 9; 47; 3.3488939931839989e-03; -2.4516792030553558e-01; 6.6160758478223247e-01; 9.9627925903300885e-02; 2.3990389652342986e-02; 4.6094089157458656e-01
160; 9; 48; 3.7770819284259094e-01; 6.7109344816515393e-01; 7.2556207722114008e-01; 2.5154076366178002e-01; 3.9329059887619428e-01; 5.0317703825149795e-01
161; 10; 13; 5.3210835284141211e-01; -1.1425884614332887e-02; 8.1697178432241802e-01; 7.7493587545182685e-01; 3.1749310601268455e-01; 2.4121344727442842e-01
162; 10; 14; 7.1557643481735744e-01; 7.1557334636475800e-01; 3.5099484191205549e-01; 4.7986539167370784e-01; -1.8540430061895435e-01; 9.4752197896478507e-01
163; 10; 16; 5.9609857957294365e-01; -1.6332086411357319e-01; 6.8068548432664411e-01; 7.4598287692346599e-01; -1.4659161882923596e-01; 3.3735635241855494e-01
164; 10; 18; 5.5761774745117509e-01; 3.8754142270331554e-01; 7.3290584835305050e-01; 6.7987750263542546e-01; 7.1456164634835284e-01; 4.3257543245275398e-01
165; 10; 21; 5.5892031999475011e-01; 5.9139400448025492e-01; 7.1674000133760318e-01; 7.8625214528723675e-01; -1.3215372197971426e-01; 2.4447100775520453e-01
166; 10; 23; 7.9365236232959202e-01; 3.8332090437082739e-01; 1.9421633034161470e-01; 4.9455526541688588e-01; -9.8299772729975698e-02; 9.0834240800497046e-01
167; 10; 24; 6.2943133525492434e-01; 3.9507426566052734e-01; 5.6843887957485695e-01; 7.9569501299373979e-01; 3.1124376060454700e-01; 1.9421633034161478e-01
168; 10; 26; 4.5785767204527827e-01; 5.9116195198017707e-01; 9.4752197896478507e-01; 5.2381946734961227e-01; 6.7353876239655208e-01; 7.9157377941339768e-01
169; 10; 27; 5.7522072777995370e-01; 4.5315328638285091e-01; 6.8846529129663980e-01; 8.1147165267378751e-01; -2.4545207893690385e-01; 1.9421633034161465e-01
170; 10; 28; 7.9041949814076196e-01; 4.9739602304139424e-01; 1.9421633034161462e-01; 5.6181162490792902e-01; 3.1386868115947442e-01; 7.2809697927517991e-01
171; 10; 29; 7.7395804966029214e-01; 2.4428592500069293e-01; 2.4818354455504205e-01; 4.6586320881373838e-01; 3.0867790577773824e-01; 9.4752197896478529e-01
172; 10; 30; 4.9789998996462392e-01; 7.0187098213656829e-01; 8.4892503301492628e-01; 4.9586405633928815e-01; 7.0934674508218021e-01; 8.5309012851601063e-01
173; 10; 32; 5.9713594080650156e-01; 2.2915683423522923e-01; 6.5291906350081497e-01; 4.9745027052499724e-01; -5.2459162499564660e-01; 9.2931779830545003e-01
174; 10; 35; 5.7295566444887824e-01; 7.1153150458119518e-01; 6.7691738241646371e-01; 4.8990387713461986e-01; 4.0723933315578198e-01; 8.8624936661939768e-01
175; 10; 36; 4.7177158184173612e-01; 1.0019455635416358e-01; 9.4752197896478507e-01; 6.9706109506667369e-01; 4.0435336324378163e-01; 4.1341228254238283e-01
176; 10; 37; 6.3125976767900571e-01; 4.9014657368557167e-02; 5.8665776211683029e-01; 4.7168141744327130e-01; 1.0337610492965088e-01; 9.4752197896478518e-01
177; 10; 38; 5.8903234096052592e-01; 5.8982538688442099e-01; 6.4808356757433394e-01; 5.8839961720957656e-01; 5.4045752115347945e-01; 6.5272298628385006e-01
178; 10; 42; 5.3956817376370125e-01; 7.1058531031684624e-01; 7.5321577680225915e-01; 4.6175079395965835e-01; 4.5378892346993177e-01; 9.4752197896478507e-01
179; 10; 43; 4.7805969013330735e-01; 7.0884217319496279e-01; 8.9377735977224182e-01; 4.5501844281673620e-01; 6.9134723421316924e-01; 9.4752197896478529e-01
180; 10; 44; 6.4504423510809372e-01; 7.1357447908101701e-01; 5.1217777240117657e-01; 4.6342573970199052e-01; 3.9468664661478903e-01; 9.4752197896478507e-01
181; 10; 45; 4.5611405574927216e-01; 6.5268734378910664e-01; 9.4752197896478496e-01; 5.0016907383931708e-01; 4.5421346140165764e-01; 8.5977001211021631e-01
182; 10; 46; 7.1130319190034019e-01; 7.1545224358478654e-01; 3.6076022309817873e-01; 6.6806286008385785e-01; 3.1232209576762238e-01; 4.8558245314712623e-01
183; 10; 47; 7.1723048141267776e-01; 7.1562022168750161e-01; 3.4721495019595700e-01; 4.7588329660846101e-01; -4.4891757996521287e-02; 9.4752197896478529e-01
184; 10; 48; 7.7900380333746533e-01; 2.5917819276696130e-01; 2.3569834850292154e-01; 5.5683281101778181e-01; 7.1107458640230914e-01; 7.1376195517305974e-01
185; 11; 12; 4.9841298421381131e-02; 1.3053938475481608e-01; 3.6377715850204778e-01; 2.2294448034524039e-01; -2.4080250509993389e-01; -8.4002032784752975e-02
186; 11; 14; 6.7412972940020993e-02; 4.0060362203810329e-01; 1.7256629937814236e-01; 1.1661537193133606e-02; -2.4985374100571275e-01; 6.8148655805889735e-01
187; 11; 20; 1.0150889605342922e-01; 5.8614424167337997e-01; -3.8146491519935460e-02; 1.2592385962805636e-01; 4.9723988778600575e-01; -8.4002032784753017e-02
188; 11; 21; 2.7927991421003356e-02; 5.5544507189841941e-01; 2.4148723495030694e-01; 5.4474243846576176e-02; 4.7061124293012702e-01; 1.8602534096163387e-01
189; 11; 22; 3.4572906777863566e-03; 5.7325470076413387e-01; 3.2121454578828945e-01; 1.1219301645315463e-01; -4.8060141801824613e-01; 4.2857942915743608e-01
190; 11; 23; 6.4141766369559511e-02; 3.9379095483539300e-01; 1.8757820061827360e-01; -2.9039139751617690e-02; 5.9759048340845944e-02; 6.8148655805889713e-01
191; 11; 25; -4.1410447343974643e-02; 5.6735653578742351e-01; 4.8565567671523924e-01; -3.1240116694249864e-02; 5.4650269233053250e-01; 4.5889093718011698e-01
192; 11; 27; 4.8480665249669139e-02; 2.8399016382443676e-01; 2.9600382563275252e-01; 1.2318068575284397e-01; 5.6949329275854194e-02; 1.3440567176761078e-01
193; 11; 29; 9.0317240959518652e-02; 6.6706893606901116e-02; 2.4818354455504199e-01; -3.7355878593972019e-02; 1.2302504056853145e-01; 6.8148655805889746e-01
194; 11; 31; 1.6991880087752290e-01; 1.6256740811507725e-01; -8.4002032784753003e-02; 4.3249470988402011e-02; 5.7848564965086346e-01; 1.7537543241125345e-01
195; 11; 34; -7.6111694381614942e-02; 4.7183635974453075e-01; 6.5591498944445703e-01; -8.4910786572765989e-02; 4.8477842679401650e-01; 6.8148655805889735e-01
196; 11; 35; -5.1655669808882546e-02; 5.6600973260577414e-01; 5.2320461595328482e-01; -6.7599493117524390e-02; 3.7259877833476179e-01; 6.7224718281881657e-01
197; 11; 36; 9.1224960694344936e-03; -2.3053908425832684e-01; 6.8148655805889724e-01; 6.9295990582837572e-02; -1.2225610511158747e-01; 4.1341228254238283e-01
198; 11; 38; 9.6117138650747003e-02; 5.8543545901400029e-01; -1.8385595961732809e-02; 1.8309042135466025e-01; -6.0429661531358425e-01; 2.3173596813135219e-01
199; 11; 39; 9.9319495104413624e-02; 5.8585643023989087e-01; -3.0122294536034655e-02; 1.2801121703707136e-01; 4.7142180704690106e-01; -7.9294657144429542e-02
200; 11; 41; -3.1702052826777516e-02; 2.0233145257366886e-01; 6.2355710275709131e-01; 1.4805613593459827e-01; -5.6206090805352306e-02; 9.8376583048174121e-02
201; 11; 44; 6.7238846330834212e-02; -8.2730317775255996e-03; 3.6684049542552333e-01; 6.3756139069601245e-02; -1.5880086220925418e-02; 3.8299061040548976e-01
202; 11; 47; 6.7005512565624550e-02; 1.3473956491037861e-01; 2.9994936928164972e-01; 1.2232155944152556e-02; -2.5419447625678110e-01; 6.8148655805889724e-01
203; 12; 14; 8.5928766346404631e-02; 1.8830799830172265e-01; 3.6377715850204784e-01; 4.5932242069356305e-01; 6.2455774085315363e-01; 2.5227045729502889e-01
204; 12; 15; 6.3055859382360180e-01; 4.9238353965201875e-01; -2.8289189421111582e-02; 3.3944137312245071e-01; 5.9412953835937843e-01; 3.6377715850204784e-01
205; 12; 21; 2.8938807337424105e-01; 2.5659596740440521e-01; 1.8602534096163381e-01; 2.6429414335249812e-01; 4.7383428005197092e-01; 3.6377715850204789e-01
206; 12; 22; -8.5047936796966511e-02; -2.6909936787229827e-01; 2.3691819893368002e-01; 4.6506550705355143e-02; 1.2520113956444207e-01; 3.6377715850204784e-01
207; 12; 23; 1.3929718648771294e-01; 2.7373986193808425e-01; 3.6377715850204784e-01; 3.7211310449796492e-01; 3.9127047663771763e-01; 1.8757820061827371e-01
208; 12; 27; 1.8913068861540652e-01; 2.1352293674074103e-02; 1.3440567176761078e-01; 1.5776953987997389e-01; 3.0331030025857009e-01; 3.6377715850204795e-01
209; 12; 28; 4.8852587077421139e-01; 3.8001694414435216e-01; 5.1122345257972768e-02; 4.9335505076298830e-01; 3.8274131653027749e-01; 4.7665379338182323e-02
210; 12; 29; 1.2202617707510660e-02; 7.0287598592027947e-02; 3.6377715850204784e-01; 1.1922686518446672e-01; 7.4216309373904873e-02; 2.4818354455504199e-01
211; 12; 38; 5.1908123196616626e-02; -3.5465443175041855e-01; 2.6444963422867840e-02; 3.6594402829048300e-01; 6.0817882573165261e-01; 3.4418228449351385e-01
212; 12; 41; 1.8173541257402032e-01; -4.2660987299274561e-02; 9.8376583048174121e-02; 5.6874057108174947e-04; 5.1664154194574888e-02; 3.6377715850204789e-01
213; 12; 47; -5.6675683763324755e-02; -3.9972394924361727e-02; 3.6377715850204784e-01; 1.7450056109459011e-01; 2.3766200252942429e-01; 2.9994936928164978e-01
214; 13; 14; 7.0714321877068875e-01; 1.5465848551316214e-01; 8.1697178432241802e-01; 1.0597371242589941e+00; 4.9725883735704302e-01; 7.7000034803743533e-01
215; 13; 15; 4.4800978559608834e-01; 7.2845459999946495e-03; 2.4121344727442842e-01; 4.4784673616514864e-01; 7.0904124940390986e-03; 2.4144385733110477e-01
216; 13; 16; 8.1225258758272323e-01; 2.5439303394706592e-01; 8.1697178432241824e-01; 1.1094381395139479e+00; 5.7418199200290188e-01; 5.9603929322432858e-01
217; 13; 18; 1.0959564359239877e+00; 5.8839024157241593e-01; 4.3822767974075594e-01; 8.4925146018962661e-01; 3.0388309551735088e-01; 7.3290584835305039e-01
218; 13; 19; 1.1205447997924955e+00; 5.6247677981896682e-01; 7.2604956731733850e-01; 1.1134981232783823e+00; 5.4023422783782449e-01; 8.1697178432241824e-01
219; 13; 21; 5.3680528880272482e-01; 9.1539446541849895e-02; 2.4121344727442856e-01; 8.6013510956663208e-01; 3.1697607722469168e-01; 7.1674000133760374e-01
220; 13; 23; 5.0572945817748882e-01; -3.6455881247617700e-02; 8.1697178432241802e-01; 8.1059143203013539e-01; 3.5132539779303384e-01; 2.4121344727442845e-01
221; 13; 24; 7.8160681334188176e-01; 3.2382292214244390e-01; 2.4121344727442873e-01; 1.0493496452951190e+00; 5.2188840767536226e-01; 5.6843887957485728e-01
222; 13; 27; 4.4796806073751683e-01; 6.9625495877216892e-03; 2.4286403590073979e-01; 8.4505727391949481e-01; 3.0750687663806436e-01; 6.8846529129663980e-01
223; 13; 29; 9.8247389698132714e-01; 4.1590999117527649e-01; 8.1697178432241802e-01; 6.7080056187671766e-01; 2.1749026486969858e-01; 2.4818354455504205e-01
224; 13; 32; 4.9004440644883873e-01; -3.7381343366934383e-02; 7.3539348233814006e-01; 9.6437353160346739e-01; 4.2680357016509762e-01; 6.5291906350081508e-01
225; 13; 33; 7.2972517671997972e-01; 1.8865255631906092e-01; 7.4352162894876694e-01; 7.4505623047101965e-01; 1.9063279631378863e-01; 8.1697178432241824e-01
226; 13; 37; 9.2204795814931739e-01; 3.6944754624763143e-01; 7.5341837145914381e-01; 4.8394722432846815e-01; -3.0955576425913844e-02; 6.6402222412152800e-01
227; 13; 38; 4.7524942437267570e-01; -2.1789041080215399e-02; 5.6220913828843777e-01; 5.4642586754197131e-01; 3.0261417430197002e-02; 6.5272298628385017e-01
228; 13; 40; 1.0012680572281885e+00; 5.1273198791332308e-01; 3.5530122333459385e-01; 8.5343865453655632e-01; 2.9347303067651775e-01; 8.1697178432241802e-01
229; 13; 48; 1.0971487960758539e+00; 5.8713362363081800e-01; 4.5218498700269566e-01; 6.9310991727847160e-01; 2.3985135931753451e-01; 2.4121344727442845e-01
230; 14; 15; 2.5270317034353218e-01; 1.6131346622278625e-01; 5.0054964574939609e-01; 4.4650225705242474e-01; 6.5818690580020900e-01; 2.1521873485086551e-01
231; 14; 16; 1.0313917808123108e+00; 5.3211283656241559e-01; 7.2129968865851279e-01; 5.2698005064787634e-01; -1.1842300218193472e-01; 9.2341403406296774e-01
232; 14; 18; 7.8898311252341957e-01; 3.2117173166532176e-01; 7.3290584835305039e-01; 7.9490196207024266e-01; 7.9172675800116754e-01; 3.4120428592142860e-01
233; 14; 21; 8.1299576422750375e-01; 3.5992178204394548e-01; 7.1674000133760341e-01; 1.1045837071836219e-01; 4.1960761167681571e-01; 1.8602534096163378e-01
234; 14; 22; 2.6588550562265328e-01; 8.1606896977258286e-02; 5.7660146622860142e-01; -1.5048255332365534e-01; 2.2339803105135092e-01; 1.7256629937814238e-01
235; 14; 23; 8.0816242912485597e-02; 3.9365448871215086e-01; 1.8757820061827365e-01; 5.2933855431559917e-01; -9.8584443770616648e-02; 9.0834240800497035e-01
236; 14; 24; 6.4528387780634811e-01; 3.9986168867673272e-01; 5.6843887957485695e-01; 3.8810329906770019e-01; 2.9175399731420415e-01; 4.8345566987582067e-01
237; 14; 27; 7.6219916307592683e-01; 3.5223019723808596e-01; 6.8846529129663980e-01; 3.5470446210318002e-02; 2.5988635943784688e-01; 2.6906558847791884e-01
238; 14; 28; 5.1625741115709189e-01; 3.1955458705285522e-01; 5.4772866131156928e-01; 1.0326919182063683e+00; 5.3051416171183197e-01; 7.2353347878678931e-01
239; 14; 29; -2.7026750205033340e-01; -1.7629853439614925e-02; 2.9334769865491306e-01; 1.0538707128400635e+00; 4.3477858823881621e-01; 8.1853550803938768e-01
240; 14; 32; 4.8407239100738425e-01; 1.6830619658143187e-01; 6.5291906350081497e-01; 2.4108431638546146e-01; -8.8439787232206885e-02; 7.0265210506393883e-01
241; 14; 33; 8.7211559163159613e-01; 1.2124973171023190e-01; 9.5790626873801199e-01; 6.8384167747841618e-01; 2.2304208007308807e-01; 7.4352162894876694e-01
242; 14; 36; 7.6317622551455644e-01; 4.1102259025579257e-01; 6.3968753423222924e-01; -2.5574012377942407e-02; -2.5510536326055944e-01; 6.6043517626164860e-01
243; 14; 37; 2.2913922340150233e-01; -1.8188506282482406e-01; 7.7307205664184075e-01; 9.1683885785206720e-01; 3.7587764098227250e-01; 7.7434664057602243e-01
244; 14; 38; 5.6308869063998812e-01; 2.3280008716929079e-01; 6.5272298628385017e-01; 2.3312103741975346e-01; 5.3536726772152976e-01; 1.7256629937814250e-01
245; 14; 40; 8.2643295902290759e-01; 1.0877861704873609e-01; 9.3714909741112429e-01; 9.2253760601851542e-01; 6.6596209927820338e-01; 5.3427531555194718e-01
246; 14; 41; 5.0966851677085745e-01; 3.5217230383140780e-01; 5.1578962027288910e-01; -2.9711731264534119e-01; -8.7158061119553973e-02; 3.3345829183662895e-01
247; 14; 44; 7.8241190757319667e-02; -2.7044798644369442e-02; 5.3963676611479094e-01; 4.3436449854146897e-01; 4.6803426987690622e-01; 3.6684049542552344e-01
248; 14; 46; 7.1344385216414796e-01; 3.0432099975790328e-01; 6.9541090433871766e-01; 7.0528700016639789e-01; 9.1936068836247498e-01; 1.7256629937814227e-01
249; 14; 47; 1.7839571559308237e-02; -2.6030238587225357e-01; 6.9449977381602279e-01; 7.7775849759418358e-01; 7.8200446243837085e-01; 3.3765532606567267e-01
250; 14; 48; 2.8010501605641175e-01; 2.9629476757909323e-01; 4.0576875290683767e-01; 9.3477936463061084e-01; 6.5090938891888472e-01; 5.5530810767485983e-01
251; 15; 21; 2.3730394391452819e-01; 6.4798807025122662e-01; 5.0054964574939609e-01; 4.8632326864942238e-01; 7.7180646636471312e-02; 1.8602534096163381e-01
252; 15; 23; 4.7527135828139810e-01; 3.9042621583360665e-01; 1.8757820061827360e-01; 2.5210855093402729e-01; 1.8010571965205011e-01; 5.0054964574939620e-01
253; 15; 24; 4.0760114764191979e-01; 2.2719098018833656e-01; 2.8676705392737067e-01; 6.2615920742748765e-01; 1.8720211111798840e-01; -9.1475786817765137e-03
254; 15; 27; 2.4469419605771578e-01; 4.1442776434638345e-01; 5.0054964574939609e-01; 5.3184777784166626e-01; -1.6363196556772430e-01; 1.3440567176761081e-01
255; 15; 28; 5.7703926260163807e-01; 4.2112374506347477e-01; 4.7665379338182323e-02; 4.9472409267283318e-01; 3.6650312195515428e-01; 1.6211784354834149e-01
256; 15; 29; 4.3815246512897466e-01; 1.5705878806159584e-01; 2.4818354455504205e-01; 2.5271288822788684e-01; 1.6100634381361661e-01; 5.0054964574939620e-01
257; 15; 36; 2.5728064371038584e-01; 1.6647755348617899e-02; 5.0054964574939609e-01; 3.1903275292228417e-01; 8.7239043161270097e-02; 4.1341228254238283e-01
258; 15; 38; 3.5965756506967134e-01; 6.0869601202844947e-01; 3.3561857169305570e-01; 3.3607288014927267e-01; -3.2978222445563615e-01; 4.0817626679679431e-01
259; 15; 41; 2.5026886378723806e-01; 2.3824688783524406e-01; 5.0054964574939620e-01; 5.4979275960580476e-01; 1.0536401083511063e-01; 9.8376583048174093e-02
260; 15; 42; 2.5428714940880665e-01; 5.7959445013033539e-01; 4.8036861102181949e-01; 2.4053547335846295e-01; 5.4585934841030015e-01; 5.0054964574939609e-01
261; 15; 44; 3.4485628766374959e-01; 3.5190668755633903e-01; 3.6684049542552333e-01; 2.5132136357297524e-01; 2.0498385875874264e-01; 5.0054964574939620e-01
262; 15; 47; 3.9103001130200565e-01; 4.4498075010554061e-01; 2.9994936928164972e-01; 2.5349219406622397e-01; 1.3637729104669150e-01; 5.0054964574939620e-01
263; 15; 48; 4.4718119591667710e-01; 1.6145992403456683e-01; 2.3569834850292154e-01; 2.5657137663652074e-01; 3.7620811127324028e-01; 4.8602191102001552e-01
264; 16; 17; 1.0732849575055297e+00; 6.8409016616304053e-01; 8.6164678355892155e-01; 9.9624504780630796e-01; 6.2059858794931944e-01; 9.5005458365164519e-01
265; 16; 18; 1.2037467449916239e+00; 5.9934508531423436e-01; 4.0349466480016449e-01; 8.7385480807538707e-01; 2.9682535549144717e-01; 7.3290584835305050e-01
266; 16; 19; 1.2037716453046392e+00; 5.7530778934630222e-01; 3.6487126821108307e-01; 1.0077015213280327e+00; 6.3823538761911836e-01; 9.5005458365164497e-01
267; 16; 21; 8.0829571707606895e-01; -5.0663401778531736e-02; 3.3735635241855499e-01; 8.8108943036168330e-01; 2.9788590808724985e-01; 7.1674000133760352e-01
268; 16; 23; 5.4588144197020139e-01; -9.8719832952978370e-02; 9.0834240800497046e-01; 9.6018850405572753e-01; 2.3191898662258156e-01; 4.1556254632247869e-01
269; 16; 24; 1.1452617509006502e+00; 4.6808282696465092e-01; 3.3735635241855499e-01; 1.0957468349638888e+00; 5.3590022773431933e-01; 5.6843887957485695e-01
270; 16; 27; 7.9498242906338779e-01; -7.1158695830469743e-02; 3.3735635241855499e-01; 8.8483947884047920e-01; 2.8603411691975572e-01; 6.8846529129664003e-01
271; 16; 28; 1.0248184019967757e+00; 5.2623041751977218e-01; 7.2809697927517969e-01; 1.1688170060453371e+00; 6.2203466828002263e-01; 5.2615996177562707e-01
272; 16; 29; 8.6056675770592039e-01; 4.1172708682781661e-01; 9.5005458365164508e-01; 1.0601377191798933e+00; 3.3703765920882417e-01; 3.3735635241855499e-01
273; 16; 32; 5.6420388482433159e-01; -1.4260277847943886e-01; 7.9269239652534385e-01; 1.0048098029135002e+00; 4.4856631242756123e-01; 6.5291906350081486e-01
274; 16; 33; 7.7651150552649695e-01; 1.5358636493324873e-01; 7.4352162894876694e-01; 7.3681544948900313e-01; 2.2121671487448152e-01; 9.5005458365164497e-01
275; 16; 37; 8.7150624678327826e-01; 4.2856800886036450e-01; 9.5005458365164563e-01; 9.2853552491143709e-01; 2.8984147241101266e-01; 5.8665776211683052e-01
276; 16; 40; 1.0214205835487522e+00; 2.8861993239429218e-01; 3.5530122333459363e-01; 8.0254042238323908e-01; 3.2239777884154613e-01; 9.5005458365164497e-01
277; 16; 47; 7.0501230512817359e-01; 1.7225699922568213e-01; 9.5005458365164497e-01; 9.9769717735139007e-01; 5.5229440503177651e-01; 8.3689110005931278e-01
278; 16; 48; 1.1920145327707481e+00; 6.0696606991326418e-01; 4.4469552514629751e-01; 1.1524594226364704e+00; 4.7916336533912629e-01; 3.3735635241855511e-01
279; 17; 19; 7.9396479306318490e-01; 1.0385658777130398e+00; 6.4179285414205822e-01; 1.0880695983852717e+00; 5.0249457350536386e-01; 1.0237835172789069e+00
280; 17; 25; 4.3517452165953852e-01; 1.0411114438192381e+00; 7.7787617303195378e-01; 5.4826219235654827e-01; 1.0445471726974112e+00; 7.3106678562394289e-01
281; 17; 30; 8.6145001538987143e-01; 7.8628712969691950e-01; 8.4892503301492606e-01; 3.6648480820789875e-01; 8.7656954982008883e-01; 9.5645872956256883e-01
282; 17; 40; 8.5219915697378412e-01; 1.0142553409078767e+00; 6.4179285414205833e-01; 7.4098754041993597e-01; 6.2469046753630297e-01; 1.0447615001974575e+00
283; 17; 42; 7.4548548518481927e-01; 1.0588040656028423e+00; 6.4179285414205833e-01; 6.8266246168211775e-01; 6.4903887418321915e-01; 1.0447615001974575e+00
284; 17; 43; 9.5383024985194687e-01; 7.5670167998599536e-01; 8.4062553103497795e-01; 6.2322221235985964e-01; 6.7385282031089078e-01; 1.0447615001974573e+00
285; 17; 44; 7.8960239951138467e-01; 8.4111208275821125e-01; 8.2597438037996973e-01; 6.7596326315316135e-01; 6.5183552381527010e-01; 1.0447615001974573e+00
286; 17; 45; 3.5481554731653470e-01; 8.4861656833055277e-01; 9.8679699038920121e-01; 3.5598580583703537e-01; 8.4770576565631639e-01; 9.8718727345325197e-01
287; 17; 46; 8.2840635648040462e-01; 1.0241878912656035e+00; 6.4179285414205833e-01; 8.3094269227362916e-01; 9.3175224386936994e-01; 7.2624865775325143e-01
288; 17; 48; 1.2540065179105144e+00; 8.4251143795693662e-01; 6.4549475802198319e-01; 9.6926037040938762e-01; 8.6002732930119319e-01; 7.3917235169736384e-01
289; 18; 19; 1.1384341658636463e+00; 6.6464680798927200e-01; 3.6487126821108318e-01; 1.1939570744617394e+00; 5.6412836249390952e-01; 4.3503380488084087e-01
290; 18; 21; 4.1633074197779429e-01; 5.9110409819688270e-01; 5.9768114316611631e-01; 8.5488788784900049e-01; 3.2175649225560465e-01; 7.1674000133760352e-01
291; 18; 24; 9.1838951054423779e-01; 4.8233881736340251e-01; 5.6843887957485695e-01; 1.2695743655576412e+00; 5.4102969554627567e-01; 4.3620083039916402e-01
292; 18; 27; 3.9577399958678622e-01; 5.1944310153397777e-01; 6.6201014777903211e-01; 6.4276582708942986e-01; 4.1669528485924390e-01; 6.8846529129663980e-01
293; 18; 28; 1.2159985643720577e+00; 6.7093058186134913e-01; 3.4120428592142849e-01; 6.6679550768794482e-01; 3.6202037297095735e-01; 7.2809697927517969e-01
294; 18; 29; 1.0644978586100635e+00; 3.9386637877714392e-01; 6.0705693791138304e-01; 7.3937324273794436e-01; 3.3540286660234658e-01; 7.3290584835305050e-01
295; 18; 32; 8.9224678297673521e-01; 3.8798505921590315e-01; 6.5291906350081508e-01; 1.0209223891452872e+00; 2.5463740780849753e-01; 7.3290584835305073e-01
296; 18; 36; 7.0779240393988219e-01; 3.4446217637887067e-01; 7.3290584835305050e-01; 7.6604126535516570e-01; 4.0760720913758519e-01; 6.6667210879582040e-01
297; 18; 37; 9.4124507442919891e-01; 3.4575069472478615e-01; 6.7629134513073197e-01; 8.5275873734106555e-01; 3.0287699462211537e-01; 7.3290584835305039e-01
298; 18; 38; 5.3000069977072040e-01; 5.9468191031077933e-01; 5.6766791834002284e-01; 5.8316940867472999e-01; 4.7688369138438402e-01; 6.5272298628385006e-01
299; 18; 40; 9.8254904442104929e-01; 7.2090223767571648e-01; 3.5530122333459385e-01; 8.8390494155697374e-01; 2.9394236453964584e-01; 7.3290584835305062e-01
300; 18; 44; 6.8445554802672059e-01; 7.9250136235864077e-01; 3.6684049542552344e-01; 4.5006354176520430e-01; 4.1839452553910828e-01; 7.3290584835305039e-01
301; 18; 46; 7.2397724914959105e-01; 8.1207228933007758e-01; 3.4120428592142871e-01; 7.2780105836230713e-01; 3.4674868110845797e-01; 7.2624865775325154e-01
302; 18; 47; 7.8731778219256654e-01; 7.7202048046537430e-01; 3.5935381425596091e-01; 6.9013821148005827e-01; 3.4952647499901179e-01; 7.3290584835305050e-01
303; 18; 48; 1.3300909257457059e+00; 5.8415108303621743e-01; 3.8603578089564067e-01; 4.0918257407368219e-01; 5.6618551788006521e-01; 6.2005017991965705e-01
304; 19; 24; 1.1650813082451275e+00; 5.5683904257277950e-01; 5.6843887957485695e-01; 1.1759449024950879e+00; 5.5095528388352166e-01; 5.4285299141736831e-01
305; 19; 28; 1.1563855958145499e+00; 6.4010097076425110e-01; 3.6487126821108318e-01; 1.1159571106894584e+00; 5.6803191025234967e-01; 7.2809697927517958e-01
306; 19; 30; 9.1607886219841606e-01; 7.9897192262974281e-01; 8.4892503301492617e-01; 6.6913427144058346e-01; 1.0753246138486090e+00; 1.0237835172789069e+00
307; 19; 40; 9.6250309741647122e-01; 9.0520565933085628e-01; 3.6487126821108318e-01; 7.1353862118323796e-01; 1.0146084511893099e+00; 1.0237835172789069e+00
308; 19; 42; 7.7412804477599850e-01; 1.0442966888667560e+00; 7.0280994299924449e-01; 8.3210328158519875e-01; 8.5248939644961408e-01; 1.0237835172789069e+00
309; 19; 43; 9.5227725765432769e-01; 7.7972316440496403e-01; 7.6265417082362807e-01; 9.4244836616629635e-01; 7.0160935557730431e-01; 1.0237835172789072e+00
310; 19; 46; 7.8779357118414017e-01; 1.1440942383625994e+00; 3.6487126821108318e-01; 8.3472740966811132e-01; 9.5321858171814622e-01; 7.2624865775325154e-01
311; 19; 48; 1.1987231991000453e+00; 5.6761403510704844e-01; 4.0650422597246388e-01; 9.1191831671124512e-01; 8.4314069744540521e-01; 7.3917235169736406e-01
312; 20; 22; -3.2996339984851969e-01; 2.0896419750792203e-01; -1.4608363765962508e-03; -1.7161160276731494e-01; 7.6545310817754519e-01; 1.5109001782136244e-01
313; 20; 38; 6.4789996798702898e-02; 5.1027261796584611e-01; -5.2406984008583388e-02; 9.8928892649917777e-02; 6.3014611709089297e-01; -1.9558161395221318e-02
314; 20; 39; 9.3813900712336695e-02; 4.7414948948299102e-01; -7.9294657144429598e-02; 4.5870693337064325e-02; 1.0156068971260299e+00; 1.5643983507302273e-01
315; 21; 22; 1.4700274281509387e-01; 6.8614745181652237e-01; 4.6021383578216257e-01; 2.6705323778018253e-01; 7.0405023931566013e-01; 5.7660146622860120e-01
316; 21; 23; 1.4135355339676345e-01; 3.9315904334977131e-01; 1.8757820061827363e-01; 9.5914100078481579e-01; 1.0392701099902407e-01; 6.0439640867509703e-01
317; 21; 24; 6.0462574366864308e-01; 3.8758304715690090e-01; 5.6843887957485673e-01; 4.1129395756463405e-01; 2.1496301824806321e-01; 2.4951506328365775e-01
318; 21; 25; 2.0804357652706984e-01; 7.5314891220114966e-01; 5.7233881537230014e-01; 1.9479849323399179e-01; 6.4115710918014335e-01; 4.5889093718011692e-01
319; 21; 27; 8.2428168534434965e-01; 3.1872066487244222e-01; 6.8846529129664003e-01; 8.7205501248268658e-01; -3.7972219898503107e-02; 4.0208099025414179e-01
320; 21; 28; 5.1022012273914041e-01; 3.3271753015485028e-01; 4.3961510112712587e-01; 7.6128491745594518e-01; 4.0703229546810393e-01; 7.1674000133760352e-01
321; 21; 29; 4.6546651004167133e-01; 1.6415374432709606e-01; 2.4818354455504199e-01; 8.2045527119149719e-01; 3.5312589249842580e-01; 7.1674000133760352e-01
322; 21; 32; 7.7490634476247333e-01; 3.2483260645283268e-01; 6.5291906350081486e-01; 9.3460693337392220e-01; 2.4912946332772939e-01; 7.1674000133760329e-01
323; 21; 35; 1.6987171181312744e-01; 7.1124957161372282e-01; 5.0222149731331445e-01; 5.1531055238819090e-01; 6.3112413211342311e-01; 7.1674000133760329e-01
324; 21; 36; 7.6940611574831785e-01; 3.9963358040038788e-01; 7.1674000133760352e-01; 5.4247609255589957e-01; 2.7467758896695854e-01; 4.1341228254238310e-01
325; 21; 37; 8.2544778183287570e-01; 2.0632880031607997e-01; 5.8665776211683029e-01; 8.6963452909680838e-01; 3.0832175111637783e-01; 7.1674000133760307e-01
326; 21; 38; 2.2496224650443652e-01; 3.1529030275382702e-01; 1.8602534096163389e-01; 5.8488483311105610e-01; 4.9773488696677015e-01; 6.5272298628384995e-01
327; 21; 40; 9.4526938550753448e-01; 1.1946458486526819e-01; 6.0704838545710360e-01; 8.9016019777587618e-01; 2.8962210007185335e-01; 7.1674000133760341e-01
328; 21; 41; 5.2837925455184176e-01; 3.0564891524521537e-01; 4.2999033092439526e-01; 4.4225531138398033e-01; 1.1732820216771588e-01; 1.8602534096163376e-01
329; 21; 42; 2.6859087311415597e-01; 5.9741595782264323e-01; 4.8036861102181960e-01; 4.7857219219718583e-01; 6.6459415086221374e-01; 7.1674000133760329e-01
330; 21; 43; 2.2887953197075978e-01; 7.7601949502810619e-01; 6.1061206520844002e-01; 3.7965327268981958e-01; 7.5471298233178707e-01; 7.1674000133760329e-01
331; 21; 44; 3.6834910462783332e-01; 3.8238617104937522e-01; 3.6684049542552344e-01; 5.7190578499179567e-01; 5.7956376070635673e-01; 7.1674000133760374e-01
332; 21; 46; 6.8498747202523469e-01; 3.0933812739534405e-01; 5.6383691493577015e-01; 7.3976571126287727e-01; 4.2663709630832747e-01; 7.1674000133760307e-01
333; 21; 47; 3.0732373579691441e-01; 3.6483516166316748e-01; 2.9994936928164972e-01; 7.4797388019970024e-01; 4.1915914773413010e-01; 7.1674000133760352e-01
334; 21; 48; 4.5190900273234580e-01; 1.6285221342834677e-01; 2.3569834850292162e-01; 4.5646060071119710e-01; 6.8473863683692637e-01; 7.1674000133760329e-01
335; 22; 23; -1.3467982321164057e-01; 3.9541813704271145e-01; 1.8757820061827360e-01; 2.6597336800944493e-01; 1.2844071699999224e-01; 5.7660146622860131e-01
336; 22; 25; 2.5418218904608397e-01; 7.6465429956420417e-01; 5.6400937659153572e-01; 1.4551547199325060e-01; 6.2051968074430996e-01; 4.5889093718011686e-01
337; 22; 27; 2.6665251538751428e-01; 4.9045075604890792e-01; 5.7660146622860131e-01; 1.1133314108184034e-01; 4.0043584226299578e-01; 4.2614267222821312e-01
338; 22; 29; -7.2880848019489339e-02; 2.4315394741749631e-02; 2.4818354455504205e-01; 2.6607043622108523e-01; 1.8018157358132478e-01; 5.7660146622860153e-01
339; 22; 31; -2.9447196602872067e-01; -7.9305147493117567e-02; 3.3481798943121865e-02; -4.0256816399697054e-02; 7.0897104114914766e-01; 2.7857543048127564e-01
340; 22; 35; 1.7128862704073206e-01; 7.3501020595483468e-01; 4.8367642487354945e-01; 2.6699175208274950e-01; 6.7127614572799843e-01; 5.7660146622860131e-01
341; 22; 36; 2.6574619616638578e-01; 7.3499340091171261e-03; 5.7660146622860131e-01; 9.7269212537790861e-02; -9.8790379736493780e-02; 4.1341228254238283e-01
342; 22; 39; -2.9125563437276419e-01; 7.6567756584888458e-01; 3.5063580233350128e-02; -3.2906959676071129e-01; 6.8539346922121136e-01; -1.4608363765963861e-03
343; 22; 41; 2.6628132875654886e-01; 2.9259489867638577e-01; 5.7660146622860131e-01; -2.2779383509036522e-01; -2.0736511998504814e-01; 9.8376583048174079e-02
344; 22; 42; 1.6738296712835263e-01; 4.7131750176998422e-01; 4.8036861102181955e-01; 2.6670025348733295e-01; 5.1589688444089477e-01; 5.7660146622860153e-01
345; 22; 44; 6.3529706391736968e-02; -1.5705557625092514e-02; 3.8054189228703988e-01; 2.6612571385498784e-01; 2.0964654547679651e-01; 5.7660146622860120e-01
346; 22; 45; 2.6630908918304053e-01; 3.0739220689362384e-01; 5.7660146622860142e-01; 1.9906090966272222e-01; 2.9120359431986792e-01; 5.1141630520968306e-01
347; 22; 47; -1.9448958642270170e-02; 5.1962683169779728e-02; 2.9994936928164972e-01; 2.6588468588044117e-01; 8.1169944822612555e-02; 5.7660146622860131e-01
348; 22; 48; 2.3810134759685045e-01; 4.3892691784424981e-01; 5.4900741591488467e-01; 2.6662763338851581e-01; 4.7718775346669717e-01; 5.7660146622860120e-01
349; 23; 24; 9.6130557441201647e-01; 3.6841120176144015e-01; 2.1418779575576158e-01; 3.9808001183874459e-01; 2.5871821518445204e-01; 3.8281349803915021e-01
350; 23; 27; 9.5927653097384202e-01; 1.2048712792830119e-01; 5.7996432357342109e-01; 5.9641416770441963e-02; 3.0466749221148098e-01; 3.1911265803468092e-01
351; 23; 28; 4.9884007141841807e-01; 3.5752916042036015e-01; 2.3582529050507930e-01; 5.5366440469198108e-01; 3.8978463676482711e-01; 1.8757820061827363e-01
352; 23; 29; -2.9002797812844427e-01; 5.8443699503664556e-02; 6.8657814043961773e-01; 9.6078733145957296e-01; 3.0508830704769241e-01; 3.0761167429103731e-01
353; 23; 31; -3.4501238160469860e-01; 3.4790003548015630e-01; 2.6021916493003677e-01; -1.5424621773992142e-01; 3.9557827100555143e-01; 1.8757820061827360e-01
354; 23; 32; 9.5781856928180242e-01; -5.7657802526382335e-02; 8.4279170093366962e-01; 3.1316265592923043e-01; 7.6322826350927880e-02; 6.5291906350081497e-01
355; 23; 36; 4.9775319898828424e-01; 2.3716116915206584e-01; 4.1341228254238283e-01; 2.2768120755788612e-01; -9.6115640114107559e-02; 9.0834240800497046e-01
356; 23; 37; 2.4981709325424986e-01; -9.6296803132792971e-02; 9.0834240800497046e-01; 7.1633878176467758e-01; 1.1793823250282066e-01; 5.8665776211683041e-01
357; 23; 38; 5.5006675736605426e-01; 7.4516882263414630e-02; 6.5272298628385006e-01; 2.3245479682865189e-01; 3.9241345871437427e-01; 1.8757820061827363e-01
358; 23; 40; 9.5491846229297206e-01; 1.2033224579246521e-01; 5.8024543276999907e-01; 9.5935644090919803e-01; 1.3025113610105016e-01; 5.6555892537310326e-01
359; 23; 41; 5.4269494351151870e-01; 2.7005361333109257e-01; 3.6434482011387714e-01; -2.8338946657605774e-01; 1.0110801755426664e-01; 6.2355710275709131e-01
360; 23; 44; 1.0596375373100894e-01; -4.8412650821555103e-02; 8.3943776164175032e-01; 2.8210592078365038e-01; 2.7049462128825530e-01; 3.6684049542552338e-01
361; 23; 46; 6.2575898312475675e-01; 3.1978066742102024e-01; 2.8998168342347191e-01; 6.1517664765005109e-01; 3.8928121242602937e-01; 1.8757820061827365e-01
362; 23; 47; 3.8495041440726091e-01; -9.7402752120823888e-02; 9.0834240800497035e-01; 2.5636827680526020e-01; 3.1604723960362063e-01; 2.9994936928164984e-01
363; 23; 48; 2.8925933089448935e-01; 2.6520939676639094e-01; 3.7455119819674387e-01; 9.6105689271134143e-01; 3.3802536617056089e-01; 2.5901775222360540e-01
364; 24; 27; 3.9097529126098846e-01; 2.8224400032890551e-01; 4.5448384935098846e-01; 4.9890901683789385e-01; 3.5565689464315398e-01; 5.6843887957485706e-01
365; 24; 28; 5.1244432333394685e-01; 3.2786816337790337e-01; 4.7944527457947750e-01; 7.9963022636096337e-01; 4.4647384941628843e-01; 5.6843887957485695e-01
366; 24; 36; 7.5291210677879639e-01; 4.2325832842189998e-01; 5.4301422678676914e-01; 6.1438951513356976e-01; 3.3500316131998031e-01; 4.1341228254238283e-01
367; 24; 38; 3.9437508363195456e-01; 2.7098630426897646e-01; 4.2018773440210055e-01; 5.1121159050888987e-01; 3.5937223709752880e-01; 5.6843887957485695e-01
368; 24; 40; 1.0084210587524176e+00; 4.3318494506490396e-01; 3.5530122333459369e-01; 9.2643254909780492e-01; 4.8476779225917510e-01; 5.6843887957485695e-01
369; 24; 41; 3.8475588221867324e-01; 3.0283826286937354e-01; 5.1722343581837416e-01; 5.2024858652426720e-01; 3.2586544719280214e-01; 4.6727403116434008e-01
370; 24; 46; 6.3773166642809487e-01; 3.1766977067300550e-01; 3.4533987369181407e-01; 7.0516207537469677e-01; 4.1794473499423679e-01; 5.6843887957485684e-01
371; 24; 47; 3.8897041087762502e-01; 2.8888273926636754e-01; 4.7470849856009922e-01; 5.6630562678598895e-01; 3.7601048023568995e-01; 5.6843887957485695e-01
372; 24; 48; 1.2804609219679104e+00; 5.0498115792006415e-01; 3.2638042100221265e-01; 4.0457470697568404e-01; 2.3721240074767735e-01; 3.1729690565055407e-01
373; 25; 34; 1.7584869928269872e-01; 8.1808468889092067e-01; 6.5591498944445681e-01; 1.6571861664685822e-01; 1.0369778187894481e+00; 8.9372904543905829e-01
374; 25; 35; -1.5534189724728154e-01; 5.3563876288768719e-01; 5.0269906840152601e-01; 6.1056778077094243e-01; 8.9575888510670110e-01; 5.4468343329004743e-01
375; 25; 42; 3.8318957987303820e-01; 7.4019847908094827e-01; 4.8036861102181938e-01; 5.9828993586569035e-01; 9.2507887975319658e-01; 5.8141185446563270e-01
376; 25; 43; 6.3724985524819144e-02; 7.5617109199962573e-01; 6.3996933380213616e-01; 2.0341676009702914e-01; 7.7738110775237512e-01; 6.0023007583832566e-01
377; 25; 45; -3.2536889936294860e-02; 5.9524293753794966e-01; 5.1141630520968295e-01; 1.1416036361472648e-01; 1.0153876295023598e+00; 8.9372904543905884e-01
378; 25; 49; -2.0233605067727911e-01; 6.1766318414696797e-01; 6.1109299273478934e-01; 7.4453387920031977e-02; 9.6663104851175208e-01; 8.5948627925244658e-01
379; 26; 30; 2.6660392611175010e-01; 6.4816414321256044e-01; 8.4892503301492628e-01; -8.9771211402724843e-02; 6.3586138519894120e-01; 8.8584015762536550e-01
380; 26; 34; -1.7655191567887446e-02; 6.8497488850785715e-01; 7.9157377941339768e-01; -3.4240453001660087e-01; 5.3128898357564158e-01; 1.0904477944287816e+00
381; 26; 42; 5.3497094611557827e-01; 6.7330323943089698e-01; 7.9157377941339746e-01; 5.5837720776013022e-01; 6.1700152003648068e-01; 8.9546616006521262e-01
382; 26; 45; 2.4536561063771317e-01; 6.7941980109170119e-01; 7.9157377941339768e-01; 5.5741929866998863e-01; 5.7164669508875976e-01; 9.7993748547207771e-01
383; 26; 49; -9.2289602595001019e-02; 6.8655119226038230e-01; 7.9157377941339757e-01; -8.1762702522952757e-02; 6.4984862912611552e-01; 8.5948627925244658e-01
384; 27; 28; 5.1613165276201622e-01; 3.1982877481470851e-01; 5.4547662581591649e-01; 7.0271684961964631e-01; 3.8433624633397551e-01; 6.8846529129664003e-01
385; 27; 29; 2.6473223509613159e-01; 1.1201203824593348e-01; 2.4818354455504205e-01; 7.8730902164863203e-01; 3.3867695249553514e-01; 6.8846529129663991e-01
386; 27; 32; 7.5585769912232692e-01; 3.1458065314247230e-01; 6.5291906350081486e-01; 8.7748449971339315e-01; 2.9000402506946177e-01; 6.8846529129663980e-01
387; 27; 35; 2.0758097422959576e-01; 5.7875251285936702e-01; 6.2542809141531241e-01; 3.4767530376747285e-01; 5.7597272850591519e-01; 6.8846529129663969e-01
388; 27; 36; 7.2777733212110274e-01; 3.7080965271636451e-01; 6.8846529129663969e-01; 4.5422558220605980e-01; 2.0064742385347917e-01; 4.1341228254238277e-01
389; 27; 37; 8.2109735173118281e-01; 2.0280446239088423e-01; 5.8665776211683018e-01; 8.6986261976089674e-01; 2.9411799505043223e-01; 6.8846529129663969e-01
390; 27; 38; 1.6375722635429024e-01; 3.5047820592119264e-02; 1.3440567176761084e-01; 5.7770896152759166e-01; 4.1051128288815181e-01; 6.5272298628385017e-01
391; 27; 40; 9.5565609601890245e-01; 1.2039857503585337e-01; 5.7819645313224011e-01; 9.0155537234562899e-01; 2.7701158120495922e-01; 6.8846529129663980e-01
392; 27; 41; 4.9082549745374615e-01; 3.9902460437072951e-01; 6.0219549509794235e-01; 2.2983708971016442e-01; -6.1930823790998235e-04; 1.3440567176761084e-01
393; 27; 42; 1.4583454751804356e-01; 4.4446957505153223e-01; 4.8036861102181960e-01; 3.7635219007014942e-01; 5.6049415233675404e-01; 6.8846529129663991e-01
394; 27; 44; 2.6536464969950130e-01; 2.4877456547537136e-01; 3.6684049542552322e-01; 5.0112860546835836e-01; 4.9314509534810091e-01; 6.8846529129663969e-01
395; 27; 46; 6.9692460547850832e-01; 3.0723349842047520e-01; 6.1903073308183998e-01; 7.2397902237961609e-01; 3.7285982043775256e-01; 6.8846529129663947e-01
396; 27; 47; 1.6305726041759594e-01; 2.2670547554328546e-01; 2.9994936928164967e-01; 6.9174489022566399e-01; 3.9025844818713962e-01; 6.8846529129663969e-01
397; 27; 48; 2.7042531702428718e-01; 3.2916418916784468e-01; 4.3877794468770881e-01; 2.9237626300017161e-01; 6.0582082308507923e-01; 6.8846529129663958e-01
398; 28; 38; 5.7101943751457829e-01; 3.2919929350834870e-01; 6.5272298628385028e-01; 5.1821734272930609e-01; 3.1528139916072950e-01; 5.8282640144270670e-01
399; 28; 40; 8.7110217122718780e-01; 4.5572724718123958e-01; 7.2809697927517969e-01; 9.9629084615996599e-01; 5.6808251744535254e-01; 3.5530122333459369e-01
400; 28; 41; 5.1821155465386992e-01; 3.3093043321196702e-01; 4.7661497158615151e-01; 5.1226213362872308e-01; 3.2826538685930917e-01; 4.7618268775289319e-01
401; 28; 46; 7.3615002620195602e-01; 3.9410274896984315e-01; 7.2624865775325143e-01; 5.9535121165877303e-01; 4.2632126593692954e-01; 6.9389889643447833e-02
402; 28; 47; 7.2814733402691278e-01; 3.9015987548998543e-01; 7.2809697927517969e-01; 5.1837517979523018e-01; 3.1493727110616054e-01; 5.8565289008210286e-01
403; 28; 48; 5.0710981514326592e-01; 3.3949885300708654e-01; 3.8391684651685692e-01; 1.2996788300428670e+00; 6.8742164875696421e-01; 4.8974548263136519e-01
404; 29; 32; 1.0607931888686921e+00; 4.0812855488026800e-01; 6.8077929729723063e-01; 7.8669329375874786e-01; 3.3117632521710666e-01; 6.5291906350081497e-01
405; 29; 33; 5.8367394440803477e-01; 3.0578317149826462e-01; 7.8531929621846974e-01; 5.8463104772363006e-01; 2.9740010343660728e-01; 7.4352162894876672e-01
406; 29; 35; 1.1286931788561452e-01; 2.0433255075375023e-01; 8.8624936661939790e-01; 3.5436150459709159e-02; 1.8114141055635075e-01; 8.7134702809382547e-01
407; 29; 36; 4.4508739838265610e-01; 1.9298173155773898e-01; 4.1341228254238294e-01; 7.8928469693159231e-01; 3.7989898106924430e-01; 8.8559196589438693e-01
408; 29; 37; 7.4412640514952733e-01; 4.1979920613163080e-01; 1.1356043040752386e+00; 8.9549722986102531e-01; 4.0222167007426241e-01; 8.6008953445437286e-01
409; 29; 38; 5.6647264304293554e-01; 2.7393244596118177e-01; 6.5272298628384973e-01; 2.5394609857345107e-01; 1.0921028672407959e-01; 2.4818354455504202e-01
410; 29; 40; 7.1761447787499089e-01; 4.1802750040458431e-01; 1.1603724531918205e+00; 1.0177242255031083e+00; 3.2972636175041264e-01; 3.5530122333459369e-01
411; 29; 41; 4.5377260796848023e-01; 1.6111619628001916e-01; 2.4818354455504199e-01; -2.8040747160063217e-01; 2.1406833094591141e-02; 4.9513153676619676e-01
412; 29; 42; 4.2744093791986509e-01; 3.2124090845573372e-01; 1.0566850206680658e+00; 2.3265104652206897e-01; 2.3209603510139576e-01; 8.7002552148882195e-01
413; 29; 44; 4.4209936780459008e-01; 3.3599965705624657e-01; 1.1097143854893321e+00; 1.5733664793150939e-01; 1.0861948310670352e-01; 3.6684049542552327e-01
414; 29; 46; 7.2489524505009606e-01; 3.3026735270694046e-01; 7.2624865775325131e-01; 7.0150674043121775e-01; 3.0642562490327113e-01; 6.4021718662117089e-01
415; 29; 47; 1.0454848264314918e+00; 4.6706243459743280e-01; 9.8541336078768382e-01; -2.3860378718699865e-02; 4.7738915528004119e-02; 2.9994936928164978e-01
416; 30; 34; 1.3076114875358885e-01; 1.2910572208651530e+00; 1.2023360017799853e+00; -1.0238725758926670e-01; 6.9019416446494997e-01; 9.1584612585036673e-01
417; 30; 40; 6.3445501521976788e-01; 1.3327145793726098e+00; 1.1628779934240856e+00; 7.9883517996009790e-01; 7.7174799390419269e-01; 8.4892503301492606e-01
418; 30; 42; 8.7039809019245573e-01; 9.6702936925985372e-01; 9.4254699515752383e-01; 6.1818215110906349e-01; 7.2980044425713886e-01; 8.4892503301492606e-01
419; 30; 43; 6.2909217847129961e-01; 7.3233374755871528e-01; 8.4892503301492628e-01; 6.8720749523014241e-02; 6.8211411784250875e-01; 8.9079256062279111e-01
420; 30; 44; 7.9493062247789159e-01; 8.3700522291182988e-01; 8.8359555167154602e-01; 7.2659169282289893e-01; 7.5497308964359044e-01; 8.4892503301492628e-01
421; 30; 45; 3.0092584778132503e-01; 9.1998794413062523e-01; 9.8718727345325208e-01; 3.2828088654888354e-01; 6.6248550486628288e-01; 8.4892503301492628e-01
422; 31; 38; 1.9975158795677517e-01; 6.2185145050535851e-01; 1.1778720690624868e-01; 2.9480664879482317e-02; 8.1083333879513164e-02; -5.2406984008583346e-02
423; 32; 33; 1.3412834353668666e+00; -2.2447972308024389e-01; 9.9013198133375324e-01; 8.2107138232680899e-01; 1.2018889161428398e-01; 7.4352162894876672e-01
424; 32; 36; 4.6500428767002061e-01; 1.5804377116679896e-01; 6.5291906350081497e-01; 2.2186141144658586e-01; -5.2722661600662545e-02; 6.8446647722652887e-01
425; 32; 37; 2.7905880867477156e-01; -1.5899830667576892e-01; 7.3857747567175813e-01; 9.4045798639427147e-01; 3.4672227337374389e-01; 6.7945357839053999e-01
426; 32; 40; 8.9005364715362001e-01; 1.1449949444249012e-01; 7.6042521679468966e-01; 9.0391203850859148e-01; 3.9426328273505806e-01; 6.5291906350081508e-01
427; 32; 47; 2.2357143006429642e-01; -5.5899962325774544e-02; 6.8608422242558220e-01; 3.5417051328431126e-01; 9.8393195389457011e-02; 6.5291906350081486e-01
428; 33; 36; 7.0915292718916523e-01; 2.6806917128466190e-01; 1.0924721880199160e+00; 6.2148833134733006e-01; 2.6977569702389909e-01; 7.4352162894876705e-01
429; 33; 37; 7.1692991522952898e-01; 1.9824256048696995e-01; 7.4352162894876672e-01; 6.3510416484693621e-01; 3.3147892349136882e-01; 1.1356043040752384e+00
430; 33; 40; 8.5823988101899362e-01; 1.1163874802749013e-01; 8.4879666283726629e-01; 7.3046492062694379e-01; 2.6500838171174096e-01; 1.1628779934240860e+00
431; 33; 47; 6.1875909138857188e-01; 2.7182125291966919e-01; 7.4352162894876705e-01; 7.8749481611069960e-01; 1.9493880453305623e-01; 1.0138825726727003e+00
432; 34; 43; 1.3063807825079404e-01; 7.5595547181713107e-01; 6.5591498944445703e-01; 6.5374251822634760e-02; 7.3172244477776649e-01; 7.2277434517859973e-01
433; 34; 45; 1.5418741653025403e-01; 1.1126247323024963e+00; 9.8718727345325208e-01; 7.7292127129005614e-02; 6.8264654348114429e-01; 6.5591498944445714e-01
434; 34; 49; -6.1088533314535620e-02; 6.9177269291531085e-01; 8.5948627925244658e-01; -1.2595486893855484e-01; 5.7999704845111955e-01; 8.3636495358900986e-01
435; 35; 40; 8.0291931685053430e-01; 5.7569326968993262e-01; 8.8624936661939768e-01; 8.1165676809387188e-01; 6.2558215342330337e-01; 8.4981198697757598e-01
436; 35; 42; 3.0335901586918618e-01; 3.0684742837019308e-01; 8.8624936661939768e-01; 5.4082623557711240e-01; 9.3388239229767400e-01; 4.8367642487354939e-01
437; 35; 43; 5.6377096310277430e-01; 8.0169002091638120e-01; 6.0023007583832555e-01; 7.2381607555539529e-01; 7.8880477419184458e-01; 6.8007394598450166e-01
438; 35; 44; 4.4575666548009557e-01; 3.8348085147526051e-01; 8.8624936661939779e-01; 7.2566139472276647e-01; 7.8537586417362293e-01; 6.8363972912469428e-01
439; 35; 45; 4.9545983493580376e-01; 4.5062626325718103e-01; 8.5367434587487878e-01; -3.0200130319969931e-02; 5.9217526219631844e-01; 5.1141630520968295e-01
440; 35; 48; 2.0734970725224117e-01; 5.4335047767581912e-01; 6.5387501462252851e-01; 7.3913529500075481e-01; 7.6033911580800728e-01; 7.0967587901866291e-01
441; 36; 37; 7.9675231761543974e-01; 3.7099691614154429e-01; 9.5592626432182604e-01; 1.8962315139506264e-01; -1.3310656518744629e-01; 9.3183325189646948e-01
442; 36; 38; 3.7834409389129109e-01; 1.3699318449860048e-01; 4.1341228254238266e-01; 5.6375723549764833e-01; 2.4092633236405259e-01; 6.5272298628384995e-01
443; 36; 40; 7.9658694423168841e-01; 3.7119405585468623e-01; 9.5436868374601114e-01; 7.5247303821842504e-01; 3.0440884750315966e-01; 1.0924721880199160e+00
444; 36; 46; 6.6318459953553299e-01; 3.7593559491932982e-01; 4.1341228254238271e-01; 7.3109789203042508e-01; 3.6544781712696739e-01; 7.2624865775325165e-01
445; 36; 47; -6.7471233543268949e-03; -2.3462335976241114e-01; 6.3869077433169297e-01; 7.7789887263896662e-01; 3.9347189155833445e-01; 7.7835379760175982e-01
446; 37; 38; 5.4498450631441209e-01; 1.2741493949878502e-02; 6.5272298628385017e-01; 4.8970914788389674e-01; -6.5657272996381022e-02; 5.8665776211683029e-01
447; 37; 40; 7.2764446238510350e-01; 4.0644697782138639e-01; 1.1356043040752386e+00; 9.3675038011626621e-01; 2.9649642952366784e-01; 5.8665776211683029e-01
448; 37; 47; 8.8995933179166831e-01; 4.0905763160019937e-01; 8.8233879335202192e-01; 2.1961923941343919e-01; -1.7013362871482604e-01; 8.1131988746124806e-01
449; 38; 39; 1.0541424306553737e-01; 6.2961256837724078e-01; -1.0723515200866202e-02; 6.7038803879917730e-02; 5.3760714537754850e-01; -5.2406984008583374e-02
450; 38; 41; 5.0140476970498593e-01; 3.7271973068457459e-01; 5.5368356298679300e-01; 1.2899169431601556e-01; -6.3873412101291799e-02; 9.8376583048174121e-02
451; 38; 44; 3.6360755849373194e-01; 3.7623450872012987e-01; 3.6684049542552327e-01; 5.6661487473476502e-01; 5.9166966814936062e-01; 6.1754545166906039e-01
452; 38; 47; 3.1373919587409038e-01; 3.7097772170315557e-01; 2.9994936928164972e-01; 5.6896467458843536e-01; 3.0422339673250914e-01; 6.5272298628385006e-01
453; 38; 48; 3.0792239744579664e-01; 2.0183509136929301e-01; 3.1090740710708853e-01; 5.5679921248340247e-01; 5.9247720107082713e-01; 6.0417409968394298e-01
454; 40; 42; 8.0318832345167213e-01; 1.0209726130279480e+00; 7.7517747450363095e-01; 7.3004440492607103e-01; 6.9826511040905648e-01; 1.0566850206680658e+00
455; 40; 43; 8.8445174979033847e-01; 8.2332262942193246e-01; 6.0023007583832555e-01; 6.9640726379375373e-01; 6.4375650279765573e-01; 1.1628779934240856e+00
456; 40; 44; 7.9193478243109050e-01; 8.3931434084321710e-01; 8.5119754325785713e-01; 7.1189904556934958e-01; 6.8603664229430839e-01; 1.1097143854893323e+00
457; 40; 46; 8.5803925095315059e-01; 1.3031546748972593e+00; 5.5411747254685706e-01; 8.2963496402791892e-01; 9.2433500939428548e-01; 7.2624865775325165e-01
458; 40; 47; 8.9667049079151584e-01; 6.5780947857357053e-01; 6.0757201842069908e-01; 7.9057282978163790e-01; 1.9788588604400020e-01; 1.0138825726727001e+00
459; 40; 48; 1.0064080390819632e+00; 4.5557131831506548e-01; 3.5530122333459380e-01; 8.3430130878361142e-01; 8.2028330476251665e-01; 7.3917235169736395e-01
460; 41; 44; 1.6629892298966698e-01; 1.2024710167253094e-01; 3.6684049542552327e-01; 4.0178559619068499e-01; 3.7667115521665850e-01; 6.2355710275709142e-01
461; 41; 45; 2.5704610278013101e-01; 2.6901787278701200e-01; 5.4507022386741588e-01; 3.0156455074605870e-01; 3.3636433839964269e-01; 6.2355710275709153e-01
462; 41; 47; -1.0689437228870474e-01; -3.1762988424030032e-02; 2.9994936928164972e-01; 5.0752598369747182e-01; 3.5749961373755179e-01; 5.2561434323432021e-01
463; 41; 48; 5.6962754079490474e-01; 2.0308694939099761e-01; 2.4084366616300612e-01; 5.4802268850377311e-01; 1.9115668324152937e-01; 2.3569834850292157e-01
464; 42; 43; 5.0869973798539603e-01; 7.9797500491810136e-01; 6.0023007583832566e-01; 7.1244308206114271e-01; 6.7633500903868349e-01; 1.0566850206680658e+00
465; 42; 44; 3.1313144200245119e-01; 1.7881872506063812e-01; 1.0566850206680660e+00; 8.0721239306367920e-01; 8.2753874397911831e-01; 1.0164146944018670e+00
466; 42; 45; 5.7418929845899436e-01; 5.6125033862058560e-01; 9.8718727345325208e-01; 1.2322549860154919e-01; 3.9075958583460801e-01; 5.1141630520968284e-01
467; 42; 48; 2.2950219446984721e-01; 4.6812712215841967e-01; 5.7833178785871309e-01; 5.5149710129619445e-01; 7.3700043937636528e-01; 7.3917235169736384e-01
468; 43; 44; 6.9119327530599650e-01; 6.5917306165528555e-01; 1.1097143854893323e+00; 7.3483541419653875e-01; 8.1322975280351129e-01; 6.0023007583832566e-01
469; 43; 45; 4.8263241120680644e-01; 6.8144533147217290e-01; 9.8718727345325186e-01; 6.4589762702396636e-02; 7.4335167516675149e-01; 6.8338735800008443e-01
470; 43; 46; 8.0428210945506340e-01; 7.8053749825507412e-01; 7.2624865775325143e-01; 7.8251100019473496e-01; 8.1644587091842824e-01; 6.0023007583832544e-01
471; 43; 48; 6.5126947756204090e-01; 7.6638235506860142e-01; 7.3917235169736395e-01; 9.5082708037595376e-01; 8.0122052522236664e-01; 6.8984485786264749e-01
472; 44; 45; 5.8585330904350863e-01; 5.4593793874656116e-01; 9.8718727345325241e-01; 4.8307220620988339e-01; 4.4119015697959696e-01; 8.3763972718009294e-01
473; 44; 46; 7.5229073220025255e-01; 8.6987097465234320e-01; 4.2247362847385939e-01; 7.3863727010272373e-01; 8.6279650432329114e-01; 3.6684049542552311e-01
474; 44; 47; 3.1505904266570484e-01; 3.1324786522590753e-01; 3.6684049542552333e-01; 7.3266811741923468e-02; -2.3210672789009096e-02; 4.8584218073105262e-01
475; 44; 48; 2.8681017406333065e-01; 2.7352601571840185e-01; 3.8290318179384203e-01; 7.3915655388352730e-01; 7.9226417490252465e-01; 7.3917235169736384e-01
476; 45; 48; 1.9708749832287689e-01; 5.7819793218981541e-01; 6.8887065049101392e-01; 2.1337915215150691e-01; 6.3742825870252751e-01; 7.3917235169736395e-01
477; 45; 49; -1.6782471255549186e-01; 7.7284747784775165e-01; 5.1141630520968284e-01; 8.8224140718271893e-02; 9.9455603610949295e-01; 8.5948627925244658e-01
478; 46; 47; 7.0266223138697947e-01; 7.4335679784636066e-01; 2.9994936928164984e-01; 7.3728474451527914e-01; 4.0053869758584809e-01; 7.2624865775325165e-01
479; 46; 48; 6.3434290240951707e-01; 3.1826724166303910e-01; 3.2967121875774130e-01; 8.0742871952156192e-01; 7.9838458899540199e-01; 7.2624865775325154e-01
480; 47; 48; 2.8701281826527414e-01; 2.7283789538696457e-01; 3.8221213537772547e-01; 8.8654373061074487e-01; 6.6838614778444150e-01; 5.8458542523719892e-01
